[suiteroom.jpg]
filters=finetune2=1,0.000000,0.000000,0.325614,00000000,0.000000;bw=1;finetune2=1,0.000000,0.000000,0.168421,00000000,0.000000;
moddate=309a52b1a66bd001
width=1181
height=882
textactive=0
[standardroom.jpg]
filters=crop64=1,f1415f9e60cffff;bw=1;finetune2=1,0.000000,0.000000,0.168421,00000000,0.000000;
crop=rect64(f1415f9e60cffff)
moddate=8d0ca994a96bd001
width=730
height=501
textactive=0
